59000000000000000000000000000000000000000000000000000000000000000000000000000000000000000000000000000000000000000000000000000000000000000000000000000000000000000000000000000000000000000000000000000000
73410000000000000000000000000000000000000000000000000000000000000000000000000000000000000000000000000000000000000000000000000000000000000000000000000000000000000000000000000000000000000000000000000000
52400900000000000000000000000000000000000000000000000000000000000000000000000000000000000000000000000000000000000000000000000000000000000000000000000000000000000000000000000000000000000000000000000000
26530634000000000000000000000000000000000000000000000000000000000000000000000000000000000000000000000000000000000000000000000000000000000000000000000000000000000000000000000000000000000000000000000000
10518786810000000000000000000000000000000000000000000000000000000000000000000000000000000000000000000000000000000000000000000000000000000000000000000000000000000000000000000000000000000000000000000000
61956657256800000000000000000000000000000000000000000000000000000000000000000000000000000000000000000000000000000000000000000000000000000000000000000000000000000000000000000000000000000000000000000000
90818038926773000000000000000000000000000000000000000000000000000000000000000000000000000000000000000000000000000000000000000000000000000000000000000000000000000000000000000000000000000000000000000000
30285176811875440000000000000000000000000000000000000000000000000000000000000000000000000000000000000000000000000000000000000000000000000000000000000000000000000000000000000000000000000000000000000000
84149587628117785800000000000000000000000000000000000000000000000000000000000000000000000000000000000000000000000000000000000000000000000000000000000000000000000000000000000000000000000000000000000000
21467158027962393109000000000000000000000000000000000000000000000000000000000000000000000000000000000000000000000000000000000000000000000000000000000000000000000000000000000000000000000000000000000000
56343553783181189093150000000000000000000000000000000000000000000000000000000000000000000000000000000000000000000000000000000000000000000000000000000000000000000000000000000000000000000000000000000000
78530421849332139711375100000000000000000000000000000000000000000000000000000000000000000000000000000000000000000000000000000000000000000000000000000000000000000000000000000000000000000000000000000000
45038179051878861330639995000000000000000000000000000000000000000000000000000000000000000000000000000000000000000000000000000000000000000000000000000000000000000000000000000000000000000000000000000000
39879628033842178287580722570000000000000000000000000000000000000000000000000000000000000000000000000000000000000000000000000000000000000000000000000000000000000000000000000000000000000000000000000000
06175117079309077597957887085300000000000000000000000000000000000000000000000000000000000000000000000000000000000000000000000000000000000000000000000000000000000000000000000000000000000000000000000000
67665960889994655577553427537828000000000000000000000000000000000000000000000000000000000000000000000000000000000000000000000000000000000000000000000000000000000000000000000000000000000000000000000000
76404104871609427569239730601079870000000000000000000000000000000000000000000000000000000000000000000000000000000000000000000000000000000000000000000000000000000000000000000000000000000000000000000000
12104426213632849860131236166331913500000000000000000000000000000000000000000000000000000000000000000000000000000000000000000000000000000000000000000000000000000000000000000000000000000000000000000000
70390605552738482822343562621514948986000000000000000000000000000000000000000000000000000000000000000000000000000000000000000000000000000000000000000000000000000000000000000000000000000000000000000000
66566884962134343481624065546205980302600000000000000000000000000000000000000000000000000000000000000000000000000000000000000000000000000000000000000000000000000000000000000000000000000000000000000000
38894637995434533614702602904513316183734700000000000000000000000000000000000000000000000000000000000000000000000000000000000000000000000000000000000000000000000000000000000000000000000000000000000000
36106396604941053742145884939617094305430659000000000000000000000000000000000000000000000000000000000000000000000000000000000000000000000000000000000000000000000000000000000000000000000000000000000000
66578757612837518473791539958887433911867774180000000000000000000000000000000000000000000000000000000000000000000000000000000000000000000000000000000000000000000000000000000000000000000000000000000000
54420579304999734637500245095452279527651945264500000000000000000000000000000000000000000000000000000000000000000000000000000000000000000000000000000000000000000000000000000000000000000000000000000000
71391778762952901899781935627119236593854933750902000000000000000000000000000000000000000000000000000000000000000000000000000000000000000000000000000000000000000000000000000000000000000000000000000000
33244761605532885755915446570777985280992425467879050000000000000000000000000000000000000000000000000000000000000000000000000000000000000000000000000000000000000000000000000000000000000000000000000000
92091355106726787682634951312468055707546921674317631200000000000000000000000000000000000000000000000000000000000000000000000000000000000000000000000000000000000000000000000000000000000000000000000000
24590608987466266160130309092430710888707270299011824134000000000000000000000000000000000000000000000000000000000000000000000000000000000000000000000000000000000000000000000000000000000000000000000000
66826704366092779185624959613090299426418904532283410974900000000000000000000000000000000000000000000000000000000000000000000000000000000000000000000000000000000000000000000000000000000000000000000000
48282637285277265132189879366213170819548929736842140816703700000000000000000000000000000000000000000000000000000000000000000000000000000000000000000000000000000000000000000000000000000000000000000000
37606970727109591360381357360930438930391502447305732663568612000000000000000000000000000000000000000000000000000000000000000000000000000000000000000000000000000000000000000000000000000000000000000000
55558550629984772885032127221926826954041307851401157059899510190000000000000000000000000000000000000000000000000000000000000000000000000000000000000000000000000000000000000000000000000000000000000000
04093192913892869875210564426284362073422123225151792545855303432200000000000000000000000000000000000000000000000000000000000000000000000000000000000000000000000000000000000000000000000000000000000000
75630249141289146078921644823830721146529027086578038541577939523348000000000000000000000000000000000000000000000000000000000000000000000000000000000000000000000000000000000000000000000000000000000000
78275656391319438672589539070434219839153984896984463757593559502615930000000000000000000000000000000000000000000000000000000000000000000000000000000000000000000000000000000000000000000000000000000000
42893627789124111741059407695196039647909045912050561032364904538592256500000000000000000000000000000000000000000000000000000000000000000000000000000000000000000000000000000000000000000000000000000000
52096130619766219692989006349660326968337584183171508463030319112842754545000000000000000000000000000000000000000000000000000000000000000000000000000000000000000000000000000000000000000000000000000000
61316168963449390571765962670647969934213247520771604272945682838440948782460000000000000000000000000000000000000000000000000000000000000000000000000000000000000000000000000000000000000000000000000000
01206014173826786681459518519881481653883752699572932234982054277361566360346300000000000000000000000000000000000000000000000000000000000000000000000000000000000000000000000000000000000000000000000000
93429483476127517979450144733170834288255351301565948044618412770262026594421494000000000000000000000000000000000000000000000000000000000000000000000000000000000000000000000000000000000000000000000000
32730967682974981019854838318567539393774767397294531843774078322959240602835060660000000000000000000000000000000000000000000000000000000000000000000000000000000000000000000000000000000000000000000000
32014430165115819815106286795062456070383185656164066984142256430948666983916040366100000000000000000000000000000000000000000000000000000000000000000000000000000000000000000000000000000000000000000000
92482299159564430116940299191769115897568931774567961273082036478144506468854081855209000000000000000000000000000000000000000000000000000000000000000000000000000000000000000000000000000000000000000000
91359245328462151964216606015280625912258828915040162299927987512177747707423842748302050000000000000000000000000000000000000000000000000000000000000000000000000000000000000000000000000000000000000000
46197766241805320284319992589672913662995529534212372658895066198275124824879185020703768600000000000000000000000000000000000000000000000000000000000000000000000000000000000000000000000000000000000000
99988493071733619220666024664030670537292496032770621304454759884320661546923004716678705399000000000000000000000000000000000000000000000000000000000000000000000000000000000000000000000000000000000000
67603806880417721099710742255405266491504571063067486982085680671846666301200880470791160379870000000000000000000000000000000000000000000000000000000000000000000000000000000000000000000000000000000000
18547849804877406823608858803357116955536402944960921635812182962524961802054903507706328427183800000000000000000000000000000000000000000000000000000000000000000000000000000000000000000000000000000000
68015004032142945324890592265236681185010442024515065004537325748188982167847997992095044046025887000000000000000000000000000000000000000000000000000000000000000000000000000000000000000000000000000000
94100278885221038860065349712091126507492122114158993616094817245236231572168456029943768171293949170000000000000000000000000000000000000000000000000000000000000000000000000000000000000000000000000000
64395984861617660309430664186329680623078714263517129841536478189827288480677562101176905410055441396600000000000000000000000000000000000000000000000000000000000000000000000000000000000000000000000000
43831837323152299547087635110453354334105257123620394055784407313826081556888601526210243205606553285799000000000000000000000000000000000000000000000000000000000000000000000000000000000000000000000000
03500352077349926680014608672536739307422553139676838790548978227891735169097994835309406962107949470381300000000000000000000000000000000000000000000000000000000000000000000000000000000000000000000000
71547333517659547937564584176221986941956524393762032448546446827178336709169668527479683221137896600969203600000000000000000000000000000000000000000000000000000000000000000000000000000000000000000000
73262144463817836598072352466197331360317015367731585693756821366953907525823950659429301133111396025647074902000000000000000000000000000000000000000000000000000000000000000000000000000000000000000000
76467330102060701456342637394824557684913986956150145393646737311084427048201072606184796965997389258548925697160000000000000000000000000000000000000000000000000000000000000000000000000000000000000000
03148027223044276775793251548129651419041382049143401252299907766025010761713792404799665701434422405353096926810700000000000000000000000000000000000000000000000000000000000000000000000000000000000000
49805690938747137528872372793218272028103759211870047996033145718106141817053150927923470939479143546947429562463285000000000000000000000000000000000000000000000000000000000000000000000000000000000000
37186285872864057751472630650570657559804252252044109217719552147713245511652691013063154948411767470368209098320440680000000000000000000000000000000000000000000000000000000000000000000000000000000000
90515860065523680519769482369643389087283383051770839693060478478006238475238772991450989238906461587694366687805135613800000000000000000000000000000000000000000000000000000000000000000000000000000000
57956406533682514033471407987865395853065053046940683669757875600332392474472690134044719076512436502545708061806143906411000000000000000000000000000000000000000000000000000000000000000000000000000000
18298656684279104244301296182318525902996746608643385517449342215514473455164924232996515510465327922746635730654327212024830000000000000000000000000000000000000000000000000000000000000000000000000000
81729319695248011383926920486959206205422889909932728417088736036031363681269736485456562716910823118799334702144473709943353300000000000000000000000000000000000000000000000000000000000000000000000000
90566186561270596332011581477176953265805470345140453304645578688847314768870384234489723508317663269085966765911914178604713295000000000000000000000000000000000000000000000000000000000000000000000000
37130422643737285662863307371044528252061952577590269124062114677630461435898941036456978763223403791745115325569661231863313737470000000000000000000000000000000000000000000000000000000000000000000000
77232670727677042864716914859654954806629983867797757166301957903301606114129099327756411814874910149064185021741416880545738247744400000000000000000000000000000000000000000000000000000000000000000000
22974113343154615694032459279877040937401226870971700718645780211271839460397379731997326429410748848567127495202452416756612993357269000000000000000000000000000000000000000000000000000000000000000000
72236366011107305256951665268390507460181648437737119998309491266273451287734727018866992141958002532332614832434383146695911981806725880000000000000000000000000000000000000000000000000000000000000000
08623218921483713796118339990516232710670225441155314664415644742681513145858709819522287669464864876776278931117416620360944247093494937200000000000000000000000000000000000000000000000000000000000000
56189018421742321486065333959935291544204959255434598421235435907816931337885419866768556684654298378756332858382838662752218115082297328527000000000000000000000000000000000000000000000000000000000000
91534028133491250163503722497158322830186894238363629476804190228252291218561008351437572365674072399339708940340746942220055364563005566188270000000000000000000000000000000000000000000000000000000000
23951112376968246610877043507507624183589593897945390222052295436211682917402644257187167085192559949041418061705560843395764263150903403812033200000000000000000000000000000000000000000000000000000000
09845680615585971694829498578430844893907105959073173098406465890779091956364230236973720705276124314348718421282665655965747720108161849508522370000000000000000000000000000000000000000000000000000000
47812809985167643551593692827765802472532207271021283022488280485620144318255095903177080948448090229345821713962526087334990649240683514014151025010000000000000000000000000000000000000000000000000000
54251081306424747580367582602269729145670362795489744483649666734430745037050997700160463791397575185852727851818652089701464366986281187093730832463400000000000000000000000000000000000000000000000000
96808207597192531920886603262610242750829473630851332245191358339015225036135506354782523361362728469814732073321626805347667638944502012252479664585239000000000000000000000000000000000000000000000000
88462339746381642090333376555826104642267474128332430902735586548534282329799162474182879922489020059675950443288139810128427825397790575898173673226374510000000000000000000000000000000000000000000000
29397494957864243886638793067092221680642952202723501413871572968122084972307024793116645921893496914876435388015780238190795801808717998690726332691428886900000000000000000000000000000000000000000000
37177195569371354345049892948496113031273160920348059891869435909008481933286837592665965068220709493431774943067517818761795226277229500798860117104664241856000000000000000000000000000000000000000000
51302594888579914033638449679892152675198205187865936148914359417051221592816791469811116531661098658321055605987367467469340830055207983295309465502463288199570000000000000000000000000000000000000000
19236136098971986517302989267974941144489754815539666945284713861576747084323633792078144147892881059966818638260625136054552353270589252311135459545634162453440600000000000000000000000000000000000000
13405772211560080419119834450997867103155619154497319004878776081230246284281285825399521394066597860950946869743067879463077827803669410692327837823005188799721999000000000000000000000000000000000000
44205577699127312881802702079723959812257529477107477839415927761315666168356986165367639985415608283340947690853170246584659982192554372146330252995133260487020818960000000000000000000000000000000000
54426145910664798082321683634249197865974042146149340418259859308272268854362175038899534651557822943440688784253076250892844261403809994023293946551090358456706323913900000000000000000000000000000000
52920371890709376866582044925156137179992637020616673652581679735660592744779482205098330987943740836483588517765302835222273920489245210942242312375228507879208662732059000000000000000000000000000000
54968015919099701009589093508199543836103011358416458218119736439679976540482319173164526565373265769979346579275533030133276128660804704946488301451996138114213179938550050000000000000000000000000000
92924884599831532327152279952476057916939789388942830288949582210197483931780965505697610107652721231415809744784935334581743405315709389407695469326568466878902428495145863500000000000000000000000000
41638976873186094614878222294716131070728295486458431375426921126713648558239809377605223112665029998672452510281906904329316779462574149735763765462382062230769366941796132072000000000000000000000000
63407808520990417028361446448596245258158737059899391361763844998374902253805698305163394430919104222773173553183545545627784813693644387125305615227343326959259383451134944439920000000000000000000000
12365688139616125554114719781717688177514255998566278179934265616974140118561201583791224266832519049641254518699688369310129832448383047291042773073437716059310154544496938336044500000000000000000000
30182220429665791741556994812980913185254726434902993467997616141593083299446177675043558755537217466225509973059348173170805909445945137466589487731614853874996423792871422037823123000000000000000000
51963965467156132968538645335149129121217685021798154612602188309283445942502788468694734554232414109421203423510483997590636016223383701132105029308346110531178642490144632860077895400000000000000000
44618959044951276971467644040934563915069491759065275623740623333669143905343557332276465610616598091669046265189976491872667383824076318991278817354135325132675268748580570711626647226700000000000000
65371997261716242417503764822436321168346931328979939668499014230404679981747074369668096439883554899658662788973214063578207106856657025891720529567348865209932257794212013168175963760777000000000000
73811413172011090183088591708463627737074701599539693921990987029716923674719066337373755291111226530526264861509065018742477435227324265670520548413118832721398085260844027107632205521908200000000000
17252111729333496423538203139165850240054231774205360654045807768783255766127433853774322069039791688244191489288585805334875898887848659840115710677081607974729759794730205480899114053336793900000000
60855939600757767792063515722341455295186479865356316911913184504482228141403042309148947476645874259657141903992883157599018985795003953267440807416264292014762655487169661972442514014874129807000000
64668424181627482014476930864840231661215150264735339128786443680479510819605295066846863597275804653058991212759139503142647004460798739893378977916471646566217862817442208370739578459227345371150000
30118531347113480514440319672373195706909472576981625968885755694913078797808905710505263840166245991838982421266274690485577735586791797957862866347251767836956390087847634531227052487994157761676800
23334481809293759488236139762203289432064965413418230847626003633313805231547343702616695787833103937081479577442968395156596307257007774353640394429539180166211697205090167010956929062561412615596335